150.0
385.0
425.0
475.0
710.0
300.0
470.0
220.0
395.0
500.0
170.0
605.0
195.0
540.0
540.0
205.0
85.0
270.0
730.0
365.0
515.0
370.0
310.0
420.0
100.0
650.0
260.0
170.0
805.0
420.0
440.0
225.0
150.0
390.0
190.0
85.0
475.0
325.0
245.0
105.0
500.0
555.0
250.0
150.0
115.0
465.0
595.0
300.0
360.0
580.0
800.0
470.0
310.0
755.0
45.0
180.0
325.0
465.0
240.0
745.0
255.0
750.0
100.0
200.0
205.0
485.0
285.0
700.0
1020.0
645.0
125.0
125.0
370.0
740.0
295.0
600.0
380.0
600.0
525.0
370.0
285.0
805.0
180.0
190.0
470.0
290.0
90.0
215.0
120.0
420.0
510.0
165.0
415.0
245.0
570.0
305.0
515.0
605.0
440.0
180.0
Avg: 383.8