200.0
335.0
380.0
575.0
480.0
515.0
700.0
670.0
215.0
500.0
55.0
415.0
470.0
690.0
785.0
465.0
140.0
410.0
220.0
40.0
445.0
170.0
505.0
530.0
585.0
85.0
295.0
610.0
330.0
195.0
600.0
545.0
365.0
660.0
135.0
445.0
320.0
380.0
440.0
105.0
340.0
180.0
600.0
295.0
305.0
190.0
715.0
335.0
440.0
220.0
360.0
125.0
610.0
1150.0
220.0
1280.0
620.0
585.0
525.0
420.0
225.0
465.0
190.0
230.0
260.0
330.0
460.0
595.0
410.0
460.0
695.0
210.0
265.0
415.0
565.0
390.0
460.0
485.0
155.0
210.0
165.0
345.0
385.0
470.0
505.0
540.0
140.0
520.0
135.0
555.0
185.0
465.0
490.0
425.0
275.0
440.0
500.0
350.0
945.0
545.0
Avg: 413.75