140.0
85.0
215.0
280.0
105.0
310.0
180.0
215.0
685.0
220.0
135.0
640.0
445.0
50.0
685.0
255.0
435.0
465.0
545.0
340.0
165.0
690.0
275.0
265.0
440.0
345.0
455.0
355.0
155.0
375.0
120.0
540.0
425.0
120.0
345.0
520.0
490.0
400.0
45.0
160.0
310.0
375.0
125.0
445.0
185.0
120.0
85.0
175.0
130.0
240.0
600.0
165.0
400.0
160.0
465.0
515.0
80.0
75.0
435.0
425.0
605.0
160.0
240.0
305.0
445.0
180.0
185.0
125.0
340.0
465.0
155.0
715.0
350.0
680.0
125.0
295.0
390.0
325.0
165.0
310.0
695.0
220.0
30.0
540.0
265.0
460.0
270.0
460.0
110.0
115.0
410.0
490.0
775.0
440.0
405.0
655.0
155.0
185.0
400.0
205.0
Avg: 324.7