125.0
120.0
380.0
545.0
515.0
395.0
620.0
340.0
545.0
775.0
210.0
335.0
520.0
470.0
515.0
470.0
155.0
545.0
215.0
720.0
145.0
360.0
405.0
570.0
505.0
490.0
425.0
255.0
445.0
95.0
260.0
290.0
425.0
310.0
230.0
290.0
335.0
70.0
640.0
305.0
550.0
600.0
370.0
370.0
125.0
490.0
350.0
140.0
45.0
465.0
220.0
150.0
230.0
490.0
260.0
345.0
605.0
190.0
485.0
60.0
70.0
350.0
80.0
310.0
650.0
290.0
270.0
665.0
820.0
470.0
170.0
60.0
185.0
525.0
285.0
360.0
325.0
540.0
490.0
440.0
255.0
545.0
325.0
215.0
35.0
430.0
445.0
710.0
465.0
390.0
310.0
130.0
365.0
185.0
420.0
110.0
810.0
600.0
685.0
685.0
Avg: 373.75