530.0
180.0
515.0
545.0
670.0
445.0
720.0
210.0
270.0
665.0
80.0
465.0
490.0
230.0
320.0
465.0
145.0
590.0
490.0
405.0
360.0
480.0
60.0
365.0
170.0
55.0
280.0
545.0
265.0
325.0
600.0
420.0
670.0
150.0
330.0
235.0
725.0
120.0
430.0
545.0
575.0
85.0
195.0
495.0
745.0
460.0
475.0
240.0
490.0
610.0
380.0
80.0
205.0
230.0
260.0
495.0
40.0
520.0
570.0
340.0
60.0
745.0
665.0
245.0
370.0
675.0
570.0
330.0
445.0
50.0
195.0
300.0
885.0
900.0
430.0
510.0
470.0
570.0
155.0
655.0
245.0
665.0
850.0
120.0
325.0
110.0
970.0
485.0
225.0
295.0
95.0
715.0
80.0
280.0
625.0
540.0
570.0
945.0
240.0
545.0
Avg: 412.0