170.0
495.0
365.0
245.0
305.0
200.0
250.0
200.0
470.0
430.0
540.0
465.0
135.0
255.0
490.0
495.0
395.0
55.0
275.0
205.0
275.0
355.0
350.0
95.0
435.0
60.0
185.0
530.0
365.0
170.0
570.0
335.0
240.0
165.0
200.0
575.0
175.0
255.0
265.0
110.0
580.0
310.0
370.0
390.0
240.0
345.0
205.0
200.0
380.0
695.0
220.0
255.0
225.0
565.0
290.0
630.0
640.0
395.0
570.0
130.0
560.0
575.0
380.0
575.0
665.0
80.0
185.0
525.0
370.0
300.0
325.0
415.0
140.0
145.0
140.0
180.0
410.0
260.0
145.0
335.0
120.0
85.0
390.0
465.0
245.0
355.0
260.0
310.0
410.0
675.0
150.0
395.0
145.0
545.0
255.0
305.0
20.0
110.0
275.0
275.0
Avg: 322.85