195.0
210.0
80.0
405.0
130.0
135.0
135.0
200.0
310.0
300.0
170.0
370.0
655.0
495.0
395.0
360.0
365.0
275.0
135.0
85.0
570.0
255.0
695.0
355.0
300.0
170.0
575.0
585.0
80.0
300.0
60.0
160.0
625.0
545.0
375.0
65.0
70.0
285.0
570.0
560.0
575.0
110.0
40.0
370.0
315.0
345.0
320.0
575.0
515.0
470.0
315.0
65.0
370.0
600.0
310.0
220.0
375.0
615.0
345.0
455.0
665.0
310.0
180.0
230.0
65.0
645.0
720.0
600.0
175.0
160.0
60.0
445.0
525.0
155.0
450.0
210.0
545.0
500.0
670.0
65.0
775.0
220.0
225.0
80.0
160.0
515.0
630.0
650.0
160.0
665.0
650.0
660.0
520.0
205.0
175.0
125.0
410.0
385.0
410.0
320.0
Avg: 352.25