30.0
35.0
80.0
195.0
130.0
495.0
600.0
575.0
350.0
105.0
295.0
480.0
685.0
535.0
120.0
145.0
380.0
300.0
520.0
210.0
280.0
250.0
465.0
345.0
320.0
90.0
540.0
680.0
575.0
565.0
410.0
700.0
465.0
385.0
430.0
510.0
175.0
255.0
290.0
280.0
185.0
255.0
225.0
430.0
420.0
145.0
145.0
70.0
700.0
110.0
365.0
255.0
70.0
485.0
205.0
745.0
180.0
465.0
770.0
750.0
230.0
330.0
335.0
170.0
90.0
660.0
355.0
425.0
510.0
370.0
250.0
515.0
145.0
290.0
120.0
205.0
570.0
80.0
720.0
160.0
60.0
575.0
60.0
380.0
710.0
105.0
185.0
600.0
370.0
715.0
440.0
385.0
470.0
540.0
575.0
505.0
130.0
285.0
260.0
1105.0
Avg: 362.35