145.0
350.0
300.0
490.0
380.0
270.0
695.0
530.0
200.0
55.0
445.0
285.0
240.0
155.0
715.0
425.0
270.0
25.0
85.0
575.0
310.0
225.0
190.0
515.0
485.0
85.0
270.0
440.0
410.0
320.0
655.0
60.0
755.0
275.0
615.0
950.0
205.0
695.0
300.0
430.0
100.0
200.0
365.0
490.0
345.0
365.0
450.0
130.0
200.0
695.0
440.0
635.0
260.0
310.0
360.0
465.0
440.0
325.0
740.0
175.0
270.0
440.0
200.0
265.0
545.0
330.0
300.0
140.0
260.0
485.0
260.0
365.0
650.0
410.0
80.0
735.0
320.0
335.0
155.0
415.0
220.0
205.0
130.0
200.0
470.0
485.0
245.0
345.0
640.0
160.0
235.0
520.0
575.0
420.0
230.0
95.0
600.0
310.0
180.0
575.0
Avg: 361.15