70.0
115.0
200.0
170.0
120.0
380.0
260.0
215.0
255.0
295.0
225.0
355.0
575.0
145.0
195.0
150.0
115.0
265.0
485.0
465.0
110.0
90.0
350.0
220.0
315.0
55.0
130.0
430.0
495.0
490.0
490.0
205.0
275.0
550.0
655.0
25.0
40.0
400.0
75.0
50.0
10.0
545.0
185.0
270.0
140.0
210.0
375.0
200.0
100.0
370.0
460.0
500.0
315.0
450.0
520.0
245.0
155.0
380.0
325.0
410.0
570.0
310.0
465.0
490.0
155.0
30.0
200.0
240.0
260.0
275.0
285.0
180.0
50.0
170.0
40.0
80.0
135.0
685.0
525.0
435.0
475.0
645.0
235.0
570.0
395.0
325.0
460.0
345.0
180.0
570.0
220.0
185.0
460.0
280.0
545.0
175.0
350.0
250.0
170.0
275.0
Avg: 293.6